170704
Haphraim
Hapharaim


292181
Gesham
Geshan


292219
Achsa
Achsah


295983
Shemidah
Shemida


312262
flotes
floats


379230
379540
379780
379939
380266
380436
381150
381277
381430
381679
381988
382300
383486
383637
384456
384754
385096
385110
385277
385289
385622
385820
385827
386001
386230
387320
387667
389153
389788
390191
391961
392529
398156
403152
403372
403584
404005
404308
405797
407111
407440
407530
407697
408150
411908
413719
414130
414245
414467
414583
414936
415608
415708
416025
416135
416342
416550
416670
416775
416869
416882
416984
417207
417313
417373
417722
417728
417738
418782
419194
419430
419637
419646
419788
420039
LORD
Lord


384577
LORD'S
Lord's


483000
608571
sope
soap


565653
ancles
ankles


728648
instructors
instructers



